449
0.473254 0.378251
0.481055 0.336460
0.483284 0.337575
0.483284 0.337575
0.489413 0.342590
0.497771 0.349833
0.497771 0.349833
0.503900 0.354848
0.512259 0.362649
0.512259 0.362649
0.516716 0.366549
0.520617 0.370450
0.520617 0.370450
0.525631 0.376579
0.531761 0.385494
0.531761 0.385494
0.536776 0.393852
0.541790 0.403325
0.678863 0.554885
0.696693 0.564357
0.696693 0.566586
0.666604 0.588874
0.657689 0.596118
0.652117 0.600576
0.652117 0.600576
0.644873 0.606705
0.638744 0.611720
0.616456 0.630665
0.609212 0.637351
0.602526 0.643480
0.588596 0.657410
0.583581 0.663540
0.579123 0.668555
0.534547 0.797826
0.533432 0.805070
0.530089 0.804513
0.375186 0.779438
0.361813 0.781667
0.358470 0.781667
0.358470 0.781667
0.359027 0.776652
0.363485 0.756593
0.360141 0.645152
0.354012 0.625650
0.348997 0.608934
0.348997 0.608934
0.348440 0.606148
0.348440 0.598347
0.348440 0.598347
0.351783 0.591660
0.356241 0.587760
0.467682 0.402768
0.473254 0.378251
0.483284 0.337575
0.483284 0.337575
0.497771 0.349833
0.512259 0.362649
0.512259 0.362649
0.520617 0.370450
0.531761 0.385494
0.531761 0.385494
0.541790 0.403325
0.547920 0.416141
0.665490 0.547084
0.678863 0.554885
0.696693 0.566586
0.537333 0.781110
0.534547 0.797826
0.530089 0.804513
0.391345 0.777210
0.375186 0.779438
0.358470 0.781667
0.360141 0.645152
0.348997 0.608934
0.348440 0.598347
0.348440 0.598347
0.356241 0.587760
0.367942 0.580516
0.467682 0.402768
0.483284 0.337575
0.512259 0.362649
0.512259 0.362649
0.531761 0.385494
0.547920 0.416141
0.665490 0.547084
0.696693 0.566586
0.687221 0.573273
0.541790 0.758822
0.537333 0.781110
0.530089 0.804513
0.391345 0.777210
0.358470 0.781667
0.363485 0.756593
0.360141 0.645152
0.348440 0.598347
0.367942 0.580516
0.460996 0.427842
0.467682 0.402768
0.512259 0.362649
0.512259 0.362649
0.547920 0.416141
0.555163 0.430071
0.654346 0.539840
0.665490 0.547084
0.687221 0.573273
0.547362 0.735419
0.541790 0.758822
0.530089 0.804513
0.408618 0.776095
0.391345 0.777210
0.363485 0.756593
0.364042 0.661868
0.360141 0.645152
0.367942 0.580516
0.453195 0.452359
0.460996 0.427842
0.512259 0.362649
0.512259 0.362649
0.555163 0.430071
0.564079 0.444558
0.646545 0.534268
0.654346 0.539840
0.687221 0.573273
0.547362 0.735419
0.530089 0.804513
0.503900 0.793926
0.419205 0.776095
0.408618 0.776095
0.363485 0.756593
0.366828 0.679699
0.364042 0.661868
0.367942 0.580516
0.446508 0.470747
0.453195 0.452359
0.512259 0.362649
0.635401 0.525910
0.646545 0.534268
0.687221 0.573273
0.552935 0.715917
0.547362 0.735419
0.503900 0.793926
0.430907 0.776652
0.419205 0.776095
0.363485 0.756593
0.367942 0.691957
0.366828 0.679699
0.367942 0.580516
0.439265 0.489692
0.446508 0.470747
0.512259 0.362649
0.627600 0.519224
0.635401 0.525910
0.687221 0.573273
0.558507 0.701987
0.552935 0.715917
0.503900 0.793926
0.442051 0.777767
0.430907 0.776652
0.363485 0.756593
0.367942 0.691957
0.367942 0.580516
0.377415 0.573830
0.433135 0.503622
0.439265 0.489692
0.512259 0.362649
0.623142 0.515323
0.627600 0.519224
0.687221 0.573273
0.565193 0.689171
0.558507 0.701987
0.503900 0.793926
0.455981 0.779996
0.442051 0.777767
0.363485 0.756593
0.367942 0.723718
0.367942 0.691957
0.377415 0.573830
0.425334 0.518666
0.433135 0.503622
0.512259 0.362649
0.623142 0.515323
0.687221 0.573273
0.676634 0.581073
0.565193 0.689171
0.503900 0.793926
0.488299 0.788354
0.471025 0.783339
0.455981 0.779996
0.363485 0.756593
0.367942 0.723718
0.377415 0.573830
0.382987 0.569372
0.425334 0.518666
0.512259 0.362649
0.564079 0.444558
0.608098 0.500279
0.623142 0.515323
0.676634 0.581073
0.571879 0.678584
0.565193 0.689171
0.488299 0.788354
0.471025 0.783339
0.363485 0.756593
0.366271 0.740434
0.367385 0.731519
0.367942 0.723718
0.382987 0.569372
0.418091 0.530368
0.425334 0.518666
0.564079 0.444558
0.598068 0.489135
0.608098 0.500279
0.676634 0.581073
0.579123 0.668555
0.571879 0.678584
0.488299 0.788354
0.488299 0.788354
0.471025 0.783339
0.366271 0.740434
0.367385 0.731519
0.382987 0.569372
0.390788 0.562686
0.411404 0.539840
0.418091 0.530368
0.564079 0.444558
0.591382 0.481334
0.598068 0.489135
0.676634 0.581073
0.579123 0.668555
0.488299 0.788354
0.366271 0.740434
0.366271 0.740434
0.367385 0.731519
0.390788 0.562686
0.404161 0.548755
0.411404 0.539840
0.564079 0.444558
0.591382 0.481334
0.676634 0.581073
0.666604 0.588874
0.588596 0.657410
0.579123 0.668555
0.366271 0.740434
0.366271 0.740434
0.390788 0.562686
0.400260 0.553213
0.400260 0.553213
0.404161 0.548755
0.564079 0.444558
0.586367 0.475204
0.591382 0.481334
0.666604 0.588874
0.602526 0.643480
0.588596 0.657410
0.366271 0.740434
0.366271 0.740434
0.400260 0.553213
0.564079 0.444558
0.578566 0.465175
0.586367 0.475204
0.666604 0.588874
0.616456 0.630665
0.602526 0.643480
0.366271 0.740434
0.366271 0.740434
0.564079 0.444558
0.571322 0.455145
0.571322 0.455145
0.578566 0.465175
0.666604 0.588874
0.624257 0.623978
0.616456 0.630665
0.366271 0.740434
0.366271 0.740434
0.571322 0.455145
0.666604 0.588874
0.638744 0.611720
0.624257 0.623978
0.366271 0.740434
0.366271 0.740434
0.666604 0.588874
0.652117 0.600576
0.652117 0.600576
0.638744 0.611720
0.366271 0.740434
0.424777 0.009381
0.424220 0.007709
0.427006 0.008266
0.427006 0.008266
0.440936 0.014953
0.454309 0.022754
0.454309 0.022754
0.469354 0.032783
0.478269 0.039470
0.478269 0.039470
0.486070 0.045599
0.493871 0.052286
0.500000 0.057858
0.504458 0.061758
0.524517 0.081817
0.528417 0.086275
0.532318 0.090176
0.536218 0.094633
0.536218 0.094633
0.542348 0.101320
0.547362 0.106892
0.552377 0.113021
0.559621 0.121379
0.565750 0.129180
0.565750 0.129180
0.573551 0.139210
0.580238 0.148682
0.580238 0.148682
0.592496 0.167070
0.599183 0.178214
0.599183 0.178214
0.604755 0.188244
0.611441 0.201059
0.611441 0.201059
0.617570 0.213875
0.625928 0.234492
0.625928 0.234492
0.633172 0.255666
0.643759 0.294113
0.737369 0.441772
0.741827 0.445673
0.750185 0.453473
0.833209 0.504179
0.847696 0.507522
0.858283 0.510308
0.858283 0.510308
0.867198 0.514766
0.872770 0.518666
0.872770 0.518666
0.870542 0.520895
0.859955 0.527024
0.859955 0.527024
0.848253 0.532596
0.833209 0.537611
0.833209 0.537611
0.820950 0.540397
0.812035 0.541512
0.812035 0.541512
0.790861 0.541512
0.776374 0.539283
0.776374 0.539283
0.762444 0.535382
0.750185 0.530368
0.750185 0.530368
0.741827 0.525910
0.736255 0.522010
0.726783 0.516438
0.711738 0.508637
0.698922 0.501393
0.698922 0.501393
0.687221 0.494149
0.678306 0.487463
0.678306 0.487463
0.671062 0.481891
0.663261 0.475204
0.663261 0.475204
0.654903 0.467404
0.646545 0.459045
0.642645 0.454588
0.637630 0.449016
0.626486 0.435086
0.626486 0.435086
0.618685 0.424499
0.608655 0.409454
0.608655 0.409454
0.602526 0.398867
0.595839 0.386052
0.528975 0.301914
0.522845 0.296899
0.514487 0.289655
0.514487 0.289655
0.508358 0.284640
0.501114 0.278511
0.491085 0.271267
0.489413 0.270153
0.489413 0.234492
0.432578 0.022754
0.424777 0.009381
0.427006 0.008266
0.427006 0.008266
0.454309 0.022754
0.478269 0.039470
0.478269 0.039470
0.493871 0.052286
0.500000 0.057858
0.500000 0.057858
0.524517 0.081817
0.528417 0.086275
0.528417 0.086275
0.536218 0.094633
0.547362 0.106892
0.552377 0.113021
0.565750 0.129180
0.580238 0.148682
0.580238 0.148682
0.599183 0.178214
0.611441 0.201059
0.611441 0.201059
0.625928 0.234492
0.643759 0.294113
0.833209 0.504179
0.858283 0.510308
0.872770 0.518666
0.872770 0.518666
0.859955 0.527024
0.833209 0.537611
0.833209 0.537611
0.812035 0.541512
0.776374 0.539283
0.776374 0.539283
0.750185 0.530368
0.736255 0.522010
0.726783 0.516438
0.698922 0.501393
0.678306 0.487463
0.678306 0.487463
0.663261 0.475204
0.646545 0.459045
0.646545 0.459045
0.642645 0.454588
0.626486 0.435086
0.626486 0.435086
0.608655 0.409454
0.595839 0.386052
0.501114 0.278511
0.491085 0.271267
0.489413 0.234492
0.440379 0.037798
0.432578 0.022754
0.427006 0.008266
0.427006 0.008266
0.478269 0.039470
0.500000 0.057858
0.500000 0.057858
0.528417 0.086275
0.547362 0.106892
0.547362 0.106892
0.552377 0.113021
0.580238 0.148682
0.580238 0.148682
0.611441 0.201059
0.643759 0.294113
0.819836 0.499721
0.833209 0.504179
0.872770 0.518666
0.872770 0.518666
0.833209 0.537611
0.776374 0.539283
0.776374 0.539283
0.736255 0.522010
0.726783 0.516438
0.726783 0.516438
0.678306 0.487463
0.646545 0.459045
0.646545 0.459045
0.626486 0.435086
0.595839 0.386052
0.514487 0.289655
0.501114 0.278511
0.489413 0.234492
0.449294 0.056743
0.440379 0.037798
0.427006 0.008266
0.427006 0.008266
0.500000 0.057858
0.547362 0.106892
0.547362 0.106892
0.580238 0.148682
0.643759 0.294113
0.819836 0.499721
0.872770 0.518666
0.776374 0.539283
0.776374 0.539283
0.726783 0.516438
0.646545 0.459045
0.646545 0.459045
0.595839 0.386052
0.587481 0.368778
0.528975 0.301914
0.514487 0.289655
0.489413 0.234492
0.449294 0.056743
0.427006 0.008266
0.547362 0.106892
0.547362 0.106892
0.643759 0.294113
0.649331 0.310272
0.809806 0.495264
0.819836 0.499721
0.776374 0.539283
0.776374 0.539283
0.646545 0.459045
0.587481 0.368778
0.536776 0.308600
0.528975 0.301914
0.489413 0.234492
0.457095 0.075131
0.449294 0.056743
0.547362 0.106892
0.547362 0.106892
0.649331 0.310272
0.655460 0.324759
0.800891 0.490806
0.809806 0.495264
0.776374 0.539283
0.776374 0.539283
0.587481 0.368778
0.580238 0.356520
0.545134 0.315844
0.536776 0.308600
0.489413 0.234492
0.465453 0.097976
0.457095 0.075131
0.547362 0.106892
0.547362 0.106892
0.655460 0.324759
0.659918 0.334789
0.790304 0.484677
0.800891 0.490806
0.776374 0.539283
0.776374 0.539283
0.580238 0.356520
0.575780 0.349833
0.549591 0.319744
0.545134 0.315844
0.489413 0.234492
0.472140 0.119707
0.465453 0.097976
0.547362 0.106892
0.781946 0.479105
0.790304 0.484677
0.776374 0.539283
0.776374 0.539283
0.575780 0.349833
0.570208 0.342032
0.559064 0.329217
0.549591 0.319744
0.489413 0.234492
0.478826 0.146453
0.472140 0.119707
0.547362 0.106892
0.771359 0.471304
0.781946 0.479105
0.776374 0.539283
0.776374 0.539283
0.570208 0.342032
0.564079 0.334789
0.564079 0.334789
0.559064 0.329217
0.489413 0.234492
0.482727 0.166513
0.478826 0.146453
0.547362 0.106892
0.762444 0.464060
0.771359 0.471304
0.776374 0.539283
0.776374 0.539283
0.564079 0.334789
0.489413 0.234492
0.485513 0.184343
0.482727 0.166513
0.547362 0.106892
0.754643 0.457374
0.762444 0.464060
0.776374 0.539283
0.776374 0.539283
0.489413 0.234492
0.488299 0.210532
0.488299 0.210532
0.485513 0.184343
0.547362 0.106892
0.750185 0.453473
0.754643 0.457374
0.776374 0.539283
0.488299 0.210532
0.547362 0.106892
0.659918 0.334789
0.737369 0.441772
0.750185 0.453473
0.776374 0.539283
0.488299 0.210532
0.659918 0.334789
0.664376 0.343704
0.721211 0.425613
0.737369 0.441772
0.776374 0.539283
0.488299 0.210532
0.664376 0.343704
0.673848 0.361535
0.714524 0.418369
0.721211 0.425613
0.776374 0.539283
0.776374 0.539283
0.488299 0.210532
0.673848 0.361535
0.707838 0.410569
0.714524 0.418369
0.776374 0.539283
0.776374 0.539283
0.673848 0.361535
0.682206 0.375465
0.700594 0.401653
0.707838 0.410569
0.776374 0.539283
0.776374 0.539283
0.682206 0.375465
0.690007 0.387166
0.695579 0.394967
0.700594 0.401653
0.776374 0.539283
0.776374 0.539283
0.690007 0.387166
0.695579 0.394967
0.225298 0.578287
0.226969 0.576058
0.231427 0.576058
0.231427 0.576058
0.242571 0.578845
0.251486 0.582188
0.251486 0.582188
0.263188 0.588317
0.272103 0.595004
0.272103 0.595004
0.279347 0.601690
0.284362 0.607262
0.284362 0.607262
0.289934 0.615063
0.294391 0.622864
0.298849 0.637908
0.304978 0.657410
0.308321 0.670783
0.308321 0.670783
0.310550 0.684156
0.311665 0.694186
0.311665 0.694186
0.311665 0.721489
0.309993 0.735976
0.309993 0.735976
0.306650 0.753250
0.302749 0.771080
0.301635 0.777767
0.299406 0.808413
0.296063 0.838502
0.296063 0.838502
0.292162 0.864134
0.288262 0.885307
0.288262 0.885307
0.283247 0.908153
0.276561 0.934899
0.276561 0.934899
0.269874 0.957744
0.266531 0.968331
0.266531 0.968331
0.265974 0.968888
0.259287 0.968888
0.259287 0.968888
0.230870 0.966659
0.221955 0.964988
0.221955 0.964988
0.218054 0.962759
0.216940 0.957744
0.179050 0.772752
0.174035 0.767180
0.170692 0.763279
0.170692 0.763279
0.166234 0.759379
0.160662 0.753807
0.160662 0.753807
0.156761 0.749349
0.150632 0.741548
0.150632 0.741548
0.143946 0.730962
0.137259 0.718703
0.137259 0.718703
0.132244 0.707559
0.128344 0.695858
0.128344 0.695858
0.127230 0.690286
0.127230 0.683599
0.127230 0.683599
0.129458 0.676355
0.134473 0.667440
0.134473 0.667440
0.141717 0.657410
0.148403 0.649610
0.148403 0.649610
0.153418 0.643480
0.160105 0.635679
0.160105 0.635679
0.170134 0.624535
0.177378 0.617292
0.177378 0.617292
0.181836 0.613391
0.187965 0.608376
0.187965 0.608376
0.199666 0.599461
0.206910 0.594446
0.216382 0.586645
0.225298 0.578287
0.231427 0.576058
0.231427 0.576058
0.251486 0.582188
0.272103 0.595004
0.272103 0.595004
0.284362 0.607262
0.294391 0.622864
0.294391 0.622864
0.298849 0.637908
0.308321 0.670783
0.308321 0.670783
0.311665 0.694186
0.309993 0.735976
0.301635 0.777767
0.296063 0.838502
0.288262 0.885307
0.288262 0.885307
0.276561 0.934899
0.266531 0.968331
0.266531 0.968331
0.259287 0.968888
0.221955 0.964988
0.221955 0.964988
0.216940 0.957744
0.216382 0.914839
0.170692 0.763279
0.160662 0.753807
0.150632 0.741548
0.150632 0.741548
0.137259 0.718703
0.128344 0.695858
0.128344 0.695858
0.127230 0.683599
0.134473 0.667440
0.134473 0.667440
0.148403 0.649610
0.160105 0.635679
0.160105 0.635679
0.177378 0.617292
0.187965 0.608376
0.206910 0.594446
0.216382 0.586645
0.231427 0.576058
0.231427 0.576058
0.272103 0.595004
0.294391 0.622864
0.294391 0.622864
0.308321 0.670783
0.309993 0.735976
0.301635 0.777767
0.288262 0.885307
0.266531 0.968331
0.266531 0.968331
0.221955 0.964988
0.216382 0.914839
0.170692 0.763279
0.150632 0.741548
0.128344 0.695858
0.128344 0.695858
0.134473 0.667440
0.160105 0.635679
0.160105 0.635679
0.187965 0.608376
0.206910 0.594446
0.206910 0.594446
0.231427 0.576058
0.294391 0.622864
0.294391 0.622864
0.309993 0.735976
0.302749 0.771080
0.302749 0.771080
0.301635 0.777767
0.266531 0.968331
0.266531 0.968331
0.216382 0.914839
0.215268 0.889765
0.179050 0.772752
0.170692 0.763279
0.128344 0.695858
0.128344 0.695858
0.160105 0.635679
0.206910 0.594446
0.206910 0.594446
0.294391 0.622864
0.302749 0.771080
0.302749 0.771080
0.266531 0.968331
0.215268 0.889765
0.184065 0.778881
0.179050 0.772752
0.128344 0.695858
0.128344 0.695858
0.206910 0.594446
0.302749 0.771080
0.302749 0.771080
0.215268 0.889765
0.213596 0.864691
0.190194 0.787796
0.184065 0.778881
0.128344 0.695858
0.302749 0.771080
0.213596 0.864691
0.210810 0.845189
0.190194 0.787796
0.128344 0.695858
0.302749 0.771080
0.302749 0.771080
0.210810 0.845189
0.207467 0.829587
0.197437 0.801727
0.190194 0.787796
0.302749 0.771080
0.302749 0.771080
0.207467 0.829587
0.203010 0.815100
0.203010 0.815100
0.197437 0.801727
0.302749 0.771080
0.364042 0.027211
0.365714 0.023311
0.367942 0.024425
0.367942 0.024425
0.374072 0.034455
0.381872 0.047828
0.381872 0.047828
0.391345 0.065659
0.400817 0.086275
0.400817 0.086275
0.408618 0.106335
0.415305 0.126394
0.415305 0.126394
0.420877 0.145896
0.425334 0.165955
0.425334 0.165955
0.428678 0.184343
0.431464 0.206631
0.431464 0.206631
0.432578 0.221119
0.433135 0.232263
0.433135 0.232263
0.433135 0.262352
0.432021 0.280740
0.432021 0.280740
0.430349 0.298013
0.427563 0.316401
0.427563 0.316401
0.421434 0.349276
0.415862 0.377136
0.415862 0.377136
0.408618 0.406111
0.401375 0.429514
0.401375 0.429514
0.393574 0.451802
0.387445 0.467404
0.387445 0.467404
0.381315 0.481334
0.375743 0.491921
0.375743 0.491921
0.367942 0.503622
0.362927 0.509751
0.357913 0.515323
0.354012 0.519781
0.347326 0.525910
0.347326 0.525910
0.338968 0.532039
0.325595 0.540397
0.317794 0.545969
0.310550 0.552656
0.308321 0.551541
0.273775 0.530368
0.262631 0.525910
0.267645 0.515323
0.360141 0.071788
0.360699 0.047828
0.361813 0.037241
0.361813 0.037241
0.364042 0.027211
0.367942 0.024425
0.367942 0.024425
0.381872 0.047828
0.400817 0.086275
0.400817 0.086275
0.415305 0.126394
0.425334 0.165955
0.425334 0.165955
0.431464 0.206631
0.433135 0.232263
0.433135 0.232263
0.432021 0.280740
0.427563 0.316401
0.427563 0.316401
0.415862 0.377136
0.401375 0.429514
0.401375 0.429514
0.387445 0.467404
0.375743 0.491921
0.375743 0.491921
0.362927 0.509751
0.357913 0.515323
0.357913 0.515323
0.347326 0.525910
0.325595 0.540397
0.325595 0.540397
0.317794 0.545969
0.308321 0.551541
0.283247 0.534825
0.273775 0.530368
0.267645 0.515323
0.360141 0.071788
0.361813 0.037241
0.367942 0.024425
0.367942 0.024425
0.400817 0.086275
0.425334 0.165955
0.425334 0.165955
0.433135 0.232263
0.427563 0.316401
0.427563 0.316401
0.401375 0.429514
0.375743 0.491921
0.375743 0.491921
0.357913 0.515323
0.325595 0.540397
0.325595 0.540397
0.308321 0.551541
0.301078 0.545969
0.292720 0.540397
0.283247 0.534825
0.267645 0.515323
0.359584 0.082932
0.360141 0.071788
0.367942 0.024425
0.367942 0.024425
0.425334 0.165955
0.427563 0.316401
0.427563 0.316401
0.375743 0.491921
0.325595 0.540397
0.325595 0.540397
0.301078 0.545969
0.292720 0.540397
0.292720 0.540397
0.267645 0.515323
0.274332 0.501393
0.356798 0.124722
0.359584 0.082932
0.367942 0.024425
0.367942 0.024425
0.427563 0.316401
0.325595 0.540397
0.325595 0.540397
0.292720 0.540397
0.274332 0.501393
0.353455 0.162055
0.356798 0.124722
0.367942 0.024425
0.325595 0.540397
0.274332 0.501393
0.281575 0.484120
0.353455 0.162055
0.367942 0.024425
0.325595 0.540397
0.325595 0.540397
0.281575 0.484120
0.287148 0.469632
0.350112 0.193259
0.353455 0.162055
0.325595 0.540397
0.325595 0.540397
0.287148 0.469632
0.295506 0.446230
0.345654 0.228920
0.350112 0.193259
0.325595 0.540397
0.325595 0.540397
0.295506 0.446230
0.304421 0.418927
0.341196 0.259566
0.345654 0.228920
0.325595 0.540397
0.325595 0.540397
0.304421 0.418927
0.313893 0.388280
0.335067 0.295784
0.341196 0.259566
0.325595 0.540397
0.325595 0.540397
0.313893 0.388280
0.320023 0.364878
0.330052 0.321416
0.335067 0.295784
0.325595 0.540397
0.325595 0.540397
0.320023 0.364878
0.325038 0.344261
0.325038 0.344261
0.330052 0.321416
0.325595 0.540397
0.856611 0.589431
0.862741 0.587203
0.863855 0.587203
0.863855 0.587203
0.862741 0.589431
0.855497 0.597790
0.843239 0.612277
0.838224 0.618406
0.830980 0.626764
0.830980 0.626764
0.825965 0.632893
0.819279 0.640694
0.819279 0.640694
0.814264 0.646824
0.807577 0.654624
0.807577 0.654624
0.802563 0.660754
0.795876 0.668555
0.795876 0.668555
0.790861 0.674684
0.784732 0.681927
0.784732 0.681927
0.779717 0.688057
0.773588 0.695300
0.773588 0.695300
0.768573 0.701430
0.760772 0.710902
0.651560 0.947714
0.647102 0.968331
0.644316 0.977246
0.644316 0.977246
0.640416 0.985047
0.636515 0.989505
0.636515 0.989505
0.632615 0.991734
0.630386 0.992291
0.630386 0.992291
0.624257 0.992291
0.613113 0.990062
0.613113 0.990062
0.609212 0.988948
0.604755 0.975017
0.604755 0.975017
0.600297 0.959973
0.595282 0.938242
0.595282 0.938242
0.592496 0.923755
0.589710 0.904252
0.589710 0.904252
0.588038 0.888651
0.586924 0.866920
0.586924 0.866920
0.586924 0.842960
0.588038 0.821786
0.588038 0.821786
0.591382 0.798383
0.595839 0.774981
0.595839 0.774981
0.601411 0.751578
0.605869 0.735419
0.605869 0.735419
0.610327 0.724275
0.614784 0.715917
0.614784 0.715917
0.619799 0.708673
0.625371 0.701430
0.625371 0.701430
0.637630 0.688057
0.643759 0.681927
0.648217 0.678027
0.655460 0.671341
0.661590 0.666326
0.661590 0.666326
0.667162 0.661311
0.673291 0.656296
0.673291 0.656296
0.680534 0.650167
0.686664 0.645152
0.686664 0.645152
0.696136 0.637351
0.705609 0.630107
0.705609 0.630107
0.715638 0.622307
0.723439 0.616734
0.747956 0.597232
0.752971 0.591660
0.763001 0.593889
0.856611 0.589431
0.863855 0.587203
0.855497 0.597790
0.855497 0.597790
0.843239 0.612277
0.830980 0.626764
0.819279 0.640694
0.807577 0.654624
0.795876 0.668555
0.651560 0.947714
0.644316 0.977246
0.636515 0.989505
0.636515 0.989505
0.630386 0.992291
0.613113 0.990062
0.613113 0.990062
0.604755 0.975017
0.595282 0.938242
0.595282 0.938242
0.589710 0.904252
0.586924 0.866920
0.586924 0.866920
0.588038 0.821786
0.595839 0.774981
0.595839 0.774981
0.605869 0.735419
0.614784 0.715917
0.614784 0.715917
0.625371 0.701430
0.643759 0.681927
0.643759 0.681927
0.648217 0.678027
0.661590 0.666326
0.661590 0.666326
0.673291 0.656296
0.686664 0.645152
0.686664 0.645152
0.705609 0.630107
0.723439 0.616734
0.741270 0.603362
0.747956 0.597232
0.763001 0.593889
0.842681 0.593332
0.856611 0.589431
0.855497 0.597790
0.656575 0.927655
0.651560 0.947714
0.636515 0.989505
0.636515 0.989505
0.613113 0.990062
0.595282 0.938242
0.595282 0.938242
0.586924 0.866920
0.595839 0.774981
0.595839 0.774981
0.614784 0.715917
0.643759 0.681927
0.643759 0.681927
0.661590 0.666326
0.686664 0.645152
0.686664 0.645152
0.723439 0.616734
0.733469 0.609491
0.733469 0.609491
0.741270 0.603362
0.763001 0.593889
0.828751 0.596118
0.842681 0.593332
0.855497 0.597790
0.663261 0.903695
0.656575 0.927655
0.636515 0.989505
0.636515 0.989505
0.595282 0.938242
0.595839 0.774981
0.595839 0.774981
0.643759 0.681927
0.686664 0.645152
0.686664 0.645152
0.733469 0.609491
0.763001 0.593889
0.814264 0.597790
0.828751 0.596118
0.855497 0.597790
0.663261 0.903695
0.636515 0.989505
0.595839 0.774981
0.595839 0.774981
0.686664 0.645152
0.763001 0.593889
0.814264 0.597790
0.855497 0.597790
0.830980 0.626764
0.671062 0.879178
0.663261 0.903695
0.595839 0.774981
0.595839 0.774981
0.763001 0.593889
0.778046 0.596675
0.788632 0.597790
0.814264 0.597790
0.830980 0.626764
0.679420 0.855776
0.671062 0.879178
0.595839 0.774981
0.595839 0.774981
0.778046 0.596675
0.788632 0.597790
0.788632 0.597790
0.830980 0.626764
0.819279 0.640694
0.687778 0.834045
0.679420 0.855776
0.595839 0.774981
0.595839 0.774981
0.788632 0.597790
0.819279 0.640694
0.694465 0.818443
0.687778 0.834045
0.595839 0.774981
0.595839 0.774981
0.819279 0.640694
0.795876 0.668555
0.703380 0.798383
0.694465 0.818443
0.595839 0.774981
0.595839 0.774981
0.795876 0.668555
0.784732 0.681927
0.712852 0.779438
0.703380 0.798383
0.595839 0.774981
0.595839 0.774981
0.784732 0.681927
0.773588 0.695300
0.722325 0.761608
0.712852 0.779438
0.595839 0.774981
0.595839 0.774981
0.773588 0.695300
0.760772 0.710902
0.727340 0.753807
0.722325 0.761608
0.595839 0.774981
0.595839 0.774981
0.760772 0.710902
0.755757 0.717031
0.734583 0.743777
0.727340 0.753807
0.595839 0.774981
0.595839 0.774981
0.755757 0.717031
0.748514 0.725947
0.742384 0.733748
0.734583 0.743777
0.595839 0.774981
0.595839 0.774981
0.748514 0.725947
0.742384 0.733748
0.394688 0.833487
0.400260 0.832930
0.428121 0.832930
0.428121 0.832930
0.444279 0.835159
0.459324 0.838502
0.459324 0.838502
0.475483 0.843517
0.489970 0.849089
0.519502 0.860790
0.529532 0.863576
0.530089 0.864134
0.540119 0.950500
0.544019 0.967217
0.544019 0.968888
0.544019 0.968888
0.539562 0.968331
0.511701 0.961087
0.349555 0.949943
0.336182 0.952729
0.330052 0.953844
0.347883 0.873049
0.351783 0.846860
0.352898 0.839617
0.352898 0.839617
0.354569 0.839059
0.370728 0.837388
0.370728 0.837388
0.394688 0.833487
0.428121 0.832930
0.428121 0.832930
0.459324 0.838502
0.489970 0.849089
0.519502 0.860790
0.530089 0.864134
0.532318 0.898123
0.540119 0.950500
0.544019 0.968888
0.511701 0.961087
0.349555 0.949943
0.330052 0.953844
0.338410 0.920411
0.347883 0.873049
0.352898 0.839617
0.370728 0.837388
0.370728 0.837388
0.428121 0.832930
0.489970 0.849089
0.505015 0.855218
0.519502 0.860790
0.532318 0.898123
0.535661 0.925426
0.540119 0.950500
0.511701 0.961087
0.364599 0.947714
0.349555 0.949943
0.338410 0.920411
0.343982 0.894223
0.347883 0.873049
0.370728 0.837388
0.370728 0.837388
0.489970 0.849089
0.505015 0.855218
0.505015 0.855218
0.532318 0.898123
0.535661 0.925426
0.535661 0.925426
0.511701 0.961087
0.489970 0.956073
0.383544 0.946043
0.364599 0.947714
0.338410 0.920411
0.338410 0.920411
0.343982 0.894223
0.370728 0.837388
0.370728 0.837388
0.505015 0.855218
0.535661 0.925426
0.535661 0.925426
0.489970 0.956073
0.469911 0.952172
0.416419 0.946043
0.383544 0.946043
0.338410 0.920411
0.338410 0.920411
0.370728 0.837388
0.535661 0.925426
0.535661 0.925426
0.469911 0.952172
0.447623 0.948829
0.433135 0.947157
0.416419 0.946043
0.338410 0.920411
0.338410 0.920411
0.535661 0.925426
0.447623 0.948829
0.447623 0.948829
0.433135 0.947157
0.338410 0.920411
